15.900 0.000
15.800 0.000
13.500 0.000
12.300 0.000
12.900 0.000
11.800 0.000
11.900 0.000
12.400 0.000
13.500 0.000
12.800 0.000
14.800 0.000
15.100 0.000
13.600 0.000
11.400 0.000
12.200 0.000
12.600 0.000
14.800 0.010
14.200 70.870
13.600 189.430
14.700 464.420
12.100 895.930
12.300 1251.860
9.400 1517.440
12.200 1789.980
12.300 1838.360
12.100 1809.870
11.800 1577.450
12.900 1438.620
12.100 1223.800
11.800 1001.630
12.000 762.210
12.100 561.220
12.100 377.470
9.900 170.920
11.400 55.640
10.300 0.000
11.400 0.000
10.300 0.000
12.300 0.000
11.500 0.000
10.200 0.000
10.100 0.000
11.700 0.000
12.900 0.000
12.400 0.000
12.200 0.000
12.500 0.000
13.500 0.000
