5.026329999999999927e+03
5.068779999999999745e+03
5.163239999999999782e+03
5.395869999999999891e+03
5.741119999999999891e+03
5.836380000000000109e+03
5.869729999999999563e+03
5.801970000000000255e+03
5.690500000000000000e+03
5.495390000000000327e+03
5.495739999999999782e+03
5.694590000000000146e+03
6.144939999999999600e+03
6.504819999999999709e+03
6.691289999999999964e+03
6.441020000000000437e+03
6.213739999999999782e+03
5.981449999999999818e+03
5.874210000000000036e+03
5.466229999999999563e+03
5.148600000000000364e+03
4.990729999999999563e+03
4.951210000000000036e+03
4.951840000000000146e+03
