4.993489999999999782e+03
5.026329999999999927e+03
5.040109999999999673e+03
5.068779999999999745e+03
5.101229999999999563e+03
5.163239999999999782e+03
5.354100000000000364e+03
5.395869999999999891e+03
5.563529999999999745e+03
5.741119999999999891e+03
5.827359999999999673e+03
5.836380000000000109e+03
5.879840000000000146e+03
5.869729999999999563e+03
5.810079999999999927e+03
5.801970000000000255e+03
5.761159999999999854e+03
5.690500000000000000e+03
5.548859999999999673e+03
5.495390000000000327e+03
5.386270000000000437e+03
5.495739999999999782e+03
5.609449999999999818e+03
5.694590000000000146e+03
5.883500000000000000e+03
6.144939999999999600e+03
6.310670000000000073e+03
6.504819999999999709e+03
6.652800000000000182e+03
6.691289999999999964e+03
6.561479999999999563e+03
6.441020000000000437e+03
6.347220000000000255e+03
6.213739999999999782e+03
6.073229999999999563e+03
5.981449999999999818e+03
5.946859999999999673e+03
5.874210000000000036e+03
5.714439999999999600e+03
5.466229999999999563e+03
5.318840000000000146e+03
5.148600000000000364e+03
5.086369999999999891e+03
4.990729999999999563e+03
4.980060000000000400e+03
4.951210000000000036e+03
4.980270000000000437e+03
4.951840000000000146e+03
